newanim ATA_DEF a_ba_non_combat
  length 2.000000
  transtime 0.25
  animroot rootdummy
    node dummy a_ba_non_combat
        parent NULL
    endnode
    node dummy rootdummy
        parent a_ba_non_combat
        positionkey
            0.000000 0.002078 -0.307922 0.927000
            0.387647 0.080719 -0.009299 1.081291
            0.639868 0.002078 -0.307922 0.927000
            2.000000 0.002078 -0.307922 0.927000
        endlist
        orientationkey
            0.000000 0.000000 -0.000000 0.000000 0.000000
            0.387647 0.000000 -0.000000 0.000000 0.000000
            0.639868 0.000000 -0.000000 0.000000 0.000000
            2.000000 0.000000 -0.000000 0.000000 0.000000
        endlist
    endnode
    node trimesh torso_g
        parent rootdummy
        orientationkey
            0.000000 -0.286598 0.112114 -0.951468 0.623018
            0.387647 -0.389992 -0.067929 -0.918310 0.636708
            0.639868 -0.286598 0.112114 -0.951468 0.623018
            2.000000 -0.286598 0.112114 -0.951468 0.623018
        endlist
    endnode
    node dummy impact
        parent torso_g
        orientationkey
            0.000000 0.000000 -0.000000 0.000000 0.000000
            0.387647 0.000000 -0.000000 0.000000 0.000000
            0.639868 0.000000 -0.000000 0.000000 0.000000
            2.000000 0.000000 -0.000000 0.000000 0.000000
        endlist
    endnode
    node trimesh lbicep_g
        parent torso_g
        orientationkey
            0.000000 0.858692 -0.484680 0.166531 1.206235
            0.387647 0.866228 -0.498393 0.035414 1.425189
            0.639868 0.858692 -0.484680 0.166531 1.206235
            2.000000 0.858692 -0.484680 0.166531 1.206235
        endlist
    endnode
    node trimesh lforearm_g
        parent lbicep_g
        orientationkey
            0.000000 0.417117 -0.172925 -0.892250 1.327592
            0.387647 0.474367 -0.831225 -0.289897 1.154222
            0.639868 0.417117 -0.172925 -0.892250 1.327592
            2.000000 0.417117 -0.172925 -0.892250 1.327592
        endlist
    endnode
    node dummy lforearm
        parent lforearm_g
        orientationkey
            0.000000 0.000000 0.999995 0.000000 0.069809
            0.387647 0.000000 0.999995 0.000000 0.069809
            0.639868 0.000000 0.999995 0.000000 0.069809
            2.000000 0.000000 0.999995 0.000000 0.069809
        endlist
    endnode
    node trimesh lhand_g
        parent lforearm_g
        orientationkey
            0.000000 0.000000 -0.000000 0.000000 0.000000
            0.387647 0.000000 -0.000000 0.000000 0.000000
            0.639868 0.000000 -0.000000 0.000000 0.000000
            2.000000 0.000000 -0.000000 0.000000 0.000000
        endlist
    endnode
    node dummy lhand
        parent lhand_g
        orientationkey
            0.000000 1.000000 0.000001 -0.000001 2.956332
            0.387647 0.000000 -0.000000 0.000000 0.000000
            0.639868 1.000000 0.000001 -0.000001 2.956332
            2.000000 1.000000 0.000001 -0.000001 2.956332
        endlist
    endnode
    node trimesh lshoulder_g
        parent torso_g
        orientationkey
            0.000000 0.000000 -0.000000 0.000000 0.000000
            0.387647 0.000000 -0.000000 0.000000 0.000000
            0.639868 0.000000 -0.000000 0.000000 0.000000
            2.000000 0.000000 -0.000000 0.000000 0.000000
        endlist
    endnode
    node trimesh rbicep_g
        parent torso_g
        orientationkey
            0.000000 0.990225 -0.130593 -0.048981 1.366112
            0.387647 0.909535 -0.329143 0.253795 1.189231
            0.639868 0.990225 -0.130593 -0.048981 1.366112
            2.000000 0.990225 -0.130593 -0.048981 1.366112
        endlist
    endnode
    node trimesh rforearm_g
        parent rbicep_g
        orientationkey
            0.000000 0.153953 0.815488 -0.557923 1.525162
            0.387647 0.948319 -0.315272 0.035980 1.561753
            0.639868 0.153953 0.815488 -0.557923 1.525162
            2.000000 0.153953 0.815488 -0.557923 1.525162
        endlist
    endnode
    node trimesh rhand_g
        parent rforearm_g
        orientationkey
            0.000000 0.000000 -0.000000 0.000000 0.000000
            0.387647 0.000000 -0.000000 0.000000 0.000000
            0.639868 0.000000 -0.000000 0.000000 0.000000
            2.000000 0.000000 -0.000000 0.000000 0.000000
        endlist
    endnode
    node dummy rhand
        parent rhand_g
        orientationkey
            0.000000 0.000000 -0.000000 0.000000 0.000000
            0.387647 0.000000 -0.000000 1.000000 3.141593
            0.639868 0.000000 -0.000000 0.000000 0.000000
            2.000000 0.000000 -0.000000 0.000000 0.000000
        endlist
    endnode
    node trimesh rshoulder_g
        parent torso_g
        orientationkey
            0.000000 0.000000 -0.000000 0.000000 0.000000
            0.387647 0.000000 -0.000000 0.000000 0.000000
            0.639868 0.000000 -0.000000 0.000000 0.000000
            2.000000 0.000000 -0.000000 0.000000 0.000000
        endlist
    endnode
    node trimesh neck_g
        parent torso_g
        orientationkey
            0.000000 0.000000 -0.000000 0.000000 0.000000
            0.387647 0.000000 -0.000000 0.000000 0.000000
            0.639868 0.000000 -0.000000 0.000000 0.000000
            2.000000 0.000000 -0.000000 0.000000 0.000000
        endlist
    endnode
    node trimesh head_g
        parent neck_g
        orientationkey
            0.000000 -0.062308 -0.050013 0.996803 1.115705
            0.387647 -0.272068 0.215924 -0.937741 0.554854
            0.639868 -0.062308 -0.050013 0.996803 1.115705
            2.000000 -0.062308 -0.050013 0.996803 1.115705
        endlist
    endnode
    node dummy head
        parent head_g
        orientationkey
            0.000000 0.000000 -0.000000 0.000000 0.000000
            0.387647 0.000000 -0.000000 0.000000 0.000000
            0.639868 0.000000 -0.000000 0.000000 0.000000
            2.000000 0.000000 -0.000000 0.000000 0.000000
        endlist
    endnode
    node trimesh pelvis_g
        parent rootdummy
        orientationkey
            0.000000 -0.146544 0.069970 -0.986726 0.602769
            0.387647 -0.389992 -0.067929 -0.918310 0.636708
            0.639868 -0.146544 0.069970 -0.986726 0.602769
            2.000000 -0.146544 0.069970 -0.986726 0.602769
        endlist
    endnode
    node trimesh lthigh_g
        parent pelvis_g
        orientationkey
            0.000000 -0.373215 0.927562 0.018402 0.782479
            0.387647 0.679610 0.727895 0.091103 0.816617
            0.639868 -0.373215 0.927562 0.018402 0.782479
            2.000000 -0.373215 0.927562 0.018402 0.782479
        endlist
    endnode
    node trimesh lshin_g
        parent lthigh_g
        orientationkey
            0.000000 0.021283 -0.027204 0.999404 0.321135
            0.387647 -0.442037 -0.888497 0.123192 1.714302
            0.639868 0.021283 -0.027204 0.999404 0.321135
            2.000000 0.021283 -0.027204 0.999404 0.321135
        endlist
    endnode
    node trimesh lfoot_g
        parent lshin_g
        orientationkey
            0.000000 0.014023 -0.947724 0.318785 0.872981
            0.387647 -0.288295 -0.283832 0.914509 0.543819
            0.639868 0.014023 -0.947724 0.318785 0.872981
            2.000000 0.014023 -0.947723 0.318785 0.872981
        endlist
    endnode
    node trimesh rthigh_g
        parent pelvis_g
        orientationkey
            0.000000 0.803062 -0.584856 0.114168 1.262766
            0.387647 0.832952 -0.548302 -0.074537 1.677208
            0.639868 0.803062 -0.584856 0.114168 1.262766
            2.000000 0.803062 -0.584856 0.114168 1.262766
        endlist
    endnode
    node trimesh rshin_g
        parent rthigh_g
        orientationkey
            0.000000 -0.882337 0.469324 -0.034885 0.981421
            0.387647 0.631413 -0.762428 0.141493 3.934735
            0.639868 -0.882337 0.469324 -0.034885 0.981421
            2.000000 -0.882337 0.469324 -0.034885 0.981421
        endlist
    endnode
    node trimesh rfoot_g
        parent rshin_g
        orientationkey
            0.000000 0.050386 0.451079 0.891061 0.632183
            0.387647 -0.452322 -0.653019 0.607426 0.104914
            0.639868 0.050386 0.451079 0.891061 0.632183
            2.000000 0.050386 0.451079 0.891061 0.632183
        endlist
    endnode
doneanim ATA_DEF a_ba_non_combat