newanim pause1 a_ba_non_combat
  length 2.0
  transtime 0.7
  animroot rootdummy
  node dummy a_ba_non_combat
    parent null
    orientationkey 7
       0.000  0.98977  0.00151 -0.14270  0.16330
       0.200  0.98963  0.00161 -0.14371  0.16215
       0.800  0.98740  0.00297 -0.15826  0.14720
       1.000  0.98721  0.00308 -0.15950  0.14605
       1.200  0.98740  0.00297 -0.15826  0.14720
       1.800  0.98963  0.00161 -0.14371  0.16215
       2.000  0.98977  0.00151 -0.14270  0.16330
    endlist
  endnode
  node trimesh rootdummy
    parent a_ba_non_combat
    positionkey 9
       0.000  0.07355 -0.02411  1.18615
       0.133  0.07367 -0.02499  1.18620
       0.200  0.07379 -0.02554  1.18633
       0.800  0.07581 -0.03445  1.18846
       1.000  0.07616 -0.03600  1.18897
       1.200  0.07567 -0.03445  1.18845
       1.800  0.07378 -0.02554  1.18632
       1.867  0.07365 -0.02499  1.18621
       2.000  0.07355 -0.02411  1.18615
    endlist
    orientationkey 3
       0.000  0.00000  1.00000  0.00000  0.00000
       1.000  0.00000  1.00000  0.00000  0.00000
       2.000  0.00000  1.00000  0.00000  0.00000
    endlist
  endnode
  node trimesh torso_g
    parent rootdummy
    orientationkey 8
       0.000 -0.98241 -0.14681  0.11556  0.13232
       0.200 -0.98203 -0.14799  0.11713  0.13118
       0.800 -0.97630 -0.16510  0.13991  0.11650
       1.000 -0.97576 -0.16667  0.14184  0.11536
       1.200 -0.97630 -0.16510  0.13992  0.11649
       1.767 -0.98178 -0.14884  0.11820  0.13036
       1.800 -0.98203 -0.14799  0.11713  0.13118
       2.000 -0.98241 -0.14681  0.11556  0.13232
    endlist
  endnode
  node trimesh rbicep_g
    parent torso_g
    orientationkey 10
       0.000 -0.05337 -0.91921 -0.39015  0.12479
       0.133 -0.01611 -0.91967 -0.39237  0.12469
       0.200  0.02117 -0.91886 -0.39405  0.12477
       0.800  0.33456 -0.85980 -0.38577  0.13301
       1.000  0.42209 -0.82506 -0.37566  0.13849
       1.033  0.43565 -0.81886 -0.37374  0.13952
       1.200  0.37716 -0.83986 -0.39038  0.13033
       1.800  0.05833 -0.91677 -0.39516  0.12502
       1.867  0.02117 -0.91886 -0.39405  0.12477
       2.000 -0.05337 -0.91921 -0.39015  0.12479
    endlist
  endnode
  node trimesh rforearm_g
    parent rbicep_g
    orientationkey 10
       0.000  0.91563  0.39526  0.07348  0.14303
       0.133  0.91229  0.40234  0.07658  0.14038
       0.200  0.91563  0.39526  0.07348  0.14303
       0.800  0.93879  0.34089  0.04996  0.16730
       1.000  0.94442  0.32587  0.04353  0.17551
       1.100  0.94694  0.31884  0.04054  0.17963
       1.200  0.94442  0.32585  0.04353  0.17551
       1.800  0.92460  0.37538  0.06484  0.15105
       1.867  0.92179  0.38180  0.06762  0.14837
       2.000  0.91563  0.39526  0.07348  0.14303
    endlist
  endnode
  node trimesh rhand_g
    parent rforearm_g
    orientationkey 11
       0.000 -0.89375  0.42616 -0.14000  0.09895
       0.133 -0.91429  0.38560 -0.12416  0.10958
       0.200 -0.92247  0.36786 -0.11726  0.11497
       0.300 -0.93277  0.34393 -0.10797  0.12315
       0.800 -0.87137  0.46540 -0.15537  0.09045
       1.000 -0.82343  0.53693 -0.18356  0.07821
       1.200 -0.74775  0.62668 -0.21930  0.06683
       1.400 -0.62533  0.73475 -0.26310  0.05686
       1.800 -0.84735  0.50307 -0.17019  0.08356
       1.867 -0.86549  0.47497 -0.15913  0.08860
       2.000 -0.89375  0.42616 -0.14000  0.09895
    endlist
  endnode
  node dummy rhand
    parent rhand_g
    orientationkey 2
       0.000  0.00000  1.00000  0.00000  0.00000
       2.000  0.00000  1.00000  0.00000  0.00000
    endlist
  endnode
  node trimesh rshould_g
    parent rbicep_g
    orientationkey 2
       0.000  0.00000  1.00000  0.00000  0.00000
       2.000  0.00000  1.00000  0.00000  0.00000
    endlist
  endnode
  node trimesh lbicep_g
    parent torso_g
    orientationkey 12
       0.000 -0.59778  0.76326  0.24512  0.21244
       0.133 -0.57739  0.77643  0.25254  0.20844
       0.200 -0.56676  0.78300  0.25630  0.20649
       0.400 -0.53305  0.80261  0.26771  0.20086
       0.800 -0.45704  0.84053  0.29091  0.19068
       1.000 -0.41457  0.85828  0.30248  0.18619
       1.100 -0.39222  0.86670  0.30821  0.18410
       1.200 -0.40936  0.86214  0.29858  0.19104
       1.400 -0.46338  0.83886  0.28566  0.19511
       1.800 -0.55951  0.78738  0.25882  0.20521
       1.867 -0.57271  0.77935  0.25421  0.20757
       2.000 -0.59778  0.76326  0.24512  0.21244
    endlist
  endnode
  node trimesh lforearm_g
    parent lbicep_g
    orientationkey 13
       0.000  0.92182 -0.37071 -0.11324  0.29836
       0.133  0.91889 -0.37658 -0.11760  0.29303
       0.167  0.91813 -0.37808 -0.11871  0.29170
       0.200  0.91889 -0.37658 -0.11760  0.29303
       0.400  0.92323 -0.36784 -0.11112  0.30104
       0.800  0.93092 -0.35153 -0.09909  0.31717
       1.000  0.93433 -0.34393 -0.09350  0.32528
       1.167  0.93698 -0.33785 -0.08905  0.33207
       1.200  0.93652 -0.33890 -0.08992  0.33084
       1.400  0.93326 -0.34632 -0.09533  0.32266
       1.800  0.92593 -0.36223 -0.10697  0.30640
       1.867  0.92460 -0.36501 -0.10903  0.30372
       2.000  0.92182 -0.37071 -0.11324  0.29836
    endlist
  endnode
  node dummy lforearm
    parent lforearm_g
    orientationkey 2
       0.000 -0.00000  1.00001  0.00005  0.06981
       2.000 -0.00000  1.00001  0.00005  0.06981
    endlist
  endnode
  node trimesh g_ashto_011a
    parent lforearm
    orientationkey 2
       0.000  0.00000  1.00000  0.00000  0.00000
       2.000  0.00000  1.00000  0.00000  0.00000
    endlist
  endnode
  node trimesh lhand_g
    parent lforearm_g
    orientationkey 11
       0.000  0.00000  1.00000  0.00000  0.00000
       0.133  0.00000  1.00000  0.00000  0.00000
       0.200 -0.99649 -0.01976  0.08146  0.03864
       0.400 -1.00005  0.00163  0.00074  0.08727
       0.800  0.00000  1.00000  0.00000  0.00000
       1.000  0.98686 -0.04296  0.15594  0.05981
       1.200  0.99298 -0.03182  0.11425  0.10855
       1.400  0.99476 -0.02773  0.09835  0.15737
       1.800  0.98695 -0.04301  0.15577  0.05980
       1.867  0.98042 -0.05206  0.19000  0.04362
       2.000  0.00000  1.00000  0.00000  0.00000
    endlist
  endnode
  node dummy lhand
    parent lhand_g
    orientationkey 2
       0.000  0.00000  1.00000  0.00000  0.00000
       2.000  0.00000  1.00000  0.00000  0.00000
    endlist
  endnode
  node trimesh lshould_g
    parent lbicep_g
    orientationkey 2
       0.000  0.00000  1.00000  0.00000  0.00000
       2.000  0.00000  1.00000  0.00000  0.00000
    endlist
  endnode
  node trimesh neck_g
    parent torso_g
    orientationkey 7
       0.000 -1.00001  0.00000  0.00000  0.06815
       0.067 -1.00007  0.00000  0.00000  0.06641
       0.933 -1.00005  0.00000  0.00000  0.04372
       1.000 -0.99999  0.00000  0.00000  0.04197
       1.067 -1.00005  0.00000  0.00000  0.04372
       1.933 -1.00007  0.00000  0.00000  0.06641
       2.000 -1.00001  0.00000  0.00000  0.06815
    endlist
  endnode
  node trimesh head_g
    parent neck_g
    orientationkey 7
       0.000  0.98977  0.00151 -0.14270  0.16330
       0.200  0.98963  0.00161 -0.14371  0.16215
       0.800  0.98740  0.00297 -0.15826  0.14720
       1.000  0.98721  0.00308 -0.15950  0.14605
       1.200  0.98740  0.00297 -0.15826  0.14720
       1.800  0.98963  0.00161 -0.14371  0.16215
       2.000  0.98977  0.00151 -0.14270  0.16330
    endlist
  endnode
  node dummy impact
    parent torso_g
  endnode
  node trimesh pelvis_g
    parent rootdummy
    orientationkey 3
       0.000 -0.07261 -0.37816 -0.92289  0.15026
       1.000 -0.07259 -0.37814 -0.92290  0.15026
       2.000 -0.07261 -0.37816 -0.92289  0.15026
    endlist
  endnode
  node trimesh lthigh_g
    parent pelvis_g
    orientationkey 9
       0.000  0.71506  0.60391  0.35212  0.49413
       0.133  0.71423  0.60400  0.35365  0.49409
       0.200  0.71392  0.60394  0.35436  0.49421
       0.800  0.69935  0.61853  0.35822  0.48174
       1.000  0.69462  0.62207  0.36130  0.47833
       1.200  0.69948  0.61642  0.36161  0.48313
       1.800  0.71390  0.60484  0.35286  0.49346
       1.867  0.71494  0.60405  0.35211  0.49404
       2.000  0.71506  0.60391  0.35212  0.49413
    endlist
  endnode
  node trimesh lshin_g
    parent lthigh_g
    orientationkey 9
       0.000 -0.98905  0.13769 -0.05304  0.23712
       0.133 -0.98876  0.13931 -0.05435  0.23408
       0.200 -0.98862  0.14008 -0.05500  0.23260
       0.800 -0.98123  0.17954 -0.07052  0.18129
       1.000 -0.97826  0.19284 -0.07624  0.16853
       1.200 -0.98157  0.17784 -0.07002  0.18288
       1.800 -0.98853  0.14061 -0.05513  0.23172
       1.867 -0.98884  0.13883 -0.05422  0.23484
       2.000 -0.98905  0.13769 -0.05304  0.23712
    endlist
  endnode
  node trimesh lfoot_g
    parent lshin_g
    orientationkey 9
       0.000 -0.43997 -0.68094  0.58545  0.35807
       0.133 -0.44614 -0.67862  0.58347  0.35887
       0.200 -0.44947 -0.67739  0.58234  0.35931
       0.800 -0.51950 -0.63383  0.57304  0.38057
       1.000 -0.53469 -0.62398  0.56987  0.38524
       1.200 -0.52019 -0.63604  0.56995  0.37861
       1.800 -0.44947 -0.67604  0.58391  0.36022
       1.867 -0.44462 -0.67834  0.58495  0.35915
       2.000 -0.43997 -0.68094  0.58545  0.35807
    endlist
  endnode
  node trimesh rthigh_g
    parent pelvis_g
    orientationkey 9
       0.000 -0.16414 -0.15945 -0.97347  0.29450
       0.133 -0.17410 -0.15506 -0.97244  0.28865
       0.200 -0.17809 -0.15303 -0.97205  0.28460
       0.800 -0.18933 -0.12451 -0.97399  0.22355
       1.000 -0.19730 -0.11725 -0.97331  0.21172
       1.200 -0.19168 -0.12465 -0.97351  0.22442
       1.800 -0.18172 -0.15236 -0.97148  0.28403
       1.867 -0.17899 -0.15431 -0.97167  0.28817
       2.000 -0.16414 -0.15945 -0.97347  0.29450
    endlist
  endnode
  node trimesh rshin_g
    parent rthigh_g
    orientationkey 9
       0.000 -1.00001  0.00000  0.00000  0.14030
       0.133 -1.00001  0.00000  0.00000  0.13373
       0.200 -1.00000  0.00000  0.00000  0.13118
       0.800 -1.00000  0.00000  0.00000  0.12161
       1.000 -1.00003  0.00000  0.00000  0.11775
       1.200 -1.00001  0.00000  0.00000  0.12020
       1.800 -1.00000  0.00000  0.00000  0.12918
       1.867 -1.00001  0.00000  0.00000  0.13092
       2.000 -1.00001  0.00000  0.00000  0.14030
    endlist
  endnode
  node trimesh rfoot_g
    parent rshin_g
    orientationkey 9
       0.000  0.62041  0.50778 -0.59770  0.25960
       0.133  0.60362  0.49984 -0.62115  0.26019
       0.200  0.59431  0.49389 -0.63472  0.26135
       0.800  0.48991  0.39518 -0.77706  0.29173
       1.000  0.46739  0.37704 -0.79962  0.29859
       1.200  0.48874  0.39666 -0.77704  0.29083
       1.800  0.59084  0.49352 -0.63824  0.26118
       1.867  0.59911  0.50001 -0.62534  0.25976
       2.000  0.62041  0.50778 -0.59770  0.25960
    endlist
  endnode
doneanim pause1 a_ba_non_combat